%YAML:1.0
---
camera_matrix: !!opencv-matrix
   rows: 3
   cols: 3
   dt: d
   data: [ 1.7304048457455724e+03, 0., 7.8738505220333457e+02, 0.,
       1.7321364154057678e+03, 1.1290424363774923e+03, 0., 0., 1. ]
dist_coeffs: !!opencv-matrix
   rows: 1
   cols: 5
   dt: d
   data: [ 3.5841643710175120e-01, -3.8133649024371147e-01,
       -3.4848809667274140e-02, -1.2213674569622485e-01,
       2.3155568641093566e-01 ]
