%YAML:1.0
---
camera_matrix: !!opencv-matrix
   rows: 3
   cols: 3
   dt: d
   data: [ 1.6573896788215918e+03, 0., 9.9095707028252536e+02, 0.,
       1.6723764467256217e+03, 1.0122868554644514e+03, 0., 0., 1. ]
dist_coeffs: !!opencv-matrix
   rows: 1
   cols: 5
   dt: d
   data: [ -1.7871842511321695e-01, 1.2530116973762237e-01,
       -1.7196572247823345e-03, -4.2362942564563941e-03,
       -1.2149134341786263e+00 ]
